Empezamos el primer trimestre en IVN 2024

Empezamos
01000101 01101101 01110000 01100101 01111010 01100001 01101101 01101111 01110011
empezamos
01100101 01101101 01110000 01100101 01111010 01100001 01101101 01101111 01110011

el
01100101 01101100 0001010

primer
01110000 01110010 01101001 01101101 01100101 01110010

trimestre
01110100 01110010 01101001 01101101 01100101 01110011 01110100 01110010 01100101

en 
01100101 01101110

IVN
01001001 01010110 01001110

2024
00110010 00110000 00110010 00110100


Empezamos el primer trimestre en IVN 2024

01000101 01101101 01110000 01100101 01111010 01100001 01101101 01101111 01110011 00100000 01100101 01101100 00100000 01110000 01110010 01101001 01101101 01100101 01110010 00100000 01110100 01110010 01101001 01101101 01100101 01110011 01110100 01110010 01100101 00100000 01100101 01101110 00100000 01001001 01010110 01001110 00100000 00110010 00110000 00110010 00110100



Mardoqueo 77 97 114 100 111 113 117 101 111 32
Urias     85 114 105 97 115
Matias    77 97 116 105 97 115
Xitumul	  88 105 116 117 109 117 108	

Mardoqueo Urias Matias Xitumul
77 97 114 100 111 113 117 101 111 32 85 114 105 97 115 32 77 97 116 105 97 115 32 88 105 116 117 109 117 108	
